{
    "cells": [
        {
            "cell_type": "code",
            "execution_count": 4,
            "id": "e0e099a8",
            "metadata": {},
            "outputs": [],
            "source": [
                "import numpy as np\n",
                "import json_tricks\n",
                "\n",
                "inputs = json_tricks.load('inputs/inputs.json')\n",
                "answer = {}"
            ]
        },
        {
            "cell_type": "markdown",
            "id": "5507914f",
            "metadata": {},
            "source": [
                "# Task\n",
                "\n",
                "Code the orthonormalization algorithm: it should accept the column matrix with vectors and it should return orthonormalized cooumn matrix of vectors that were orthonormalized in the order from the first one to the last one.\n",
                "\n",
                "To make the algorithm stable from the point of view of division, divide not with the length of the vector, but with length plus some small value `eps`. This way your algorithm will never return division by zero, and the problematic vectors will be highlighted by the vectors in the result that have zero length."
            ]
        },
        {
            "cell_type": "code",
            "execution_count": 5,
            "id": "ccd276d0",
            "metadata": {},
            "outputs": [],
            "source": [
                "\n",
                "def orthonormaization(X, eps=1.0e-8):\n",
                "    X = X.astype(float)\n",
                "    m, n = X.shape\n",
                "    Q = np.zeros_like(X)\n",
                "\n",
                "    for i in range(n):\n",
                "        v = X[:, i].copy()\n",
                "\n",
                "        for j in range(i):\n",
                "            q = Q[:, j]\n",
                "            if np.allclose(q, 0.0, atol=eps):\n",
                "                continue\n",
                "            coeff = np.dot(q, v) / (np.dot(q, q) + eps)  \n",
                "            v -= coeff * q                               \n",
                "\n",
                "        norm = np.linalg.norm(v)\n",
                "        if norm < eps:            \n",
                "            Q[:, i] = 0.0\n",
                "        else:\n",
                "            Q[:, i] = v / (norm + eps)\n",
                "\n",
                "    return Q\n",
                "\n"
            ]
        },
        {
            "cell_type": "code",
            "execution_count": 6,
            "id": "357bd8ed",
            "metadata": {},
            "outputs": [
                {
                    "data": {
                        "text/plain": [
                            "'{\"orthonormalized\": [{\"__ndarray__\": [[0.2842676216054604, -0.07058897791576184, -0.26327284909675214, -0.47987232500488985, 0.731721596468904], [0.0, 0.0, -0.4449225969012363, -0.17246366049496534, -0.3024976051957417], [-0.6396021486122858, 0.23478507947941532, -0.09984512974571699, -0.46349357029383526, -0.22935108317985492], [0.0710669054013651, 0.05831263469001073, 0.4178396107513842, -0.23778973718130697, 0.023371231921178664], [0.2842676216054604, 0.23325053876004292, 0.6543925072312823, -0.2038610371150124, -0.1387949730387774], [-0.5685352432109207, -0.31458131918218346, 0.3259145269404342, -0.19498810435445754, 0.3311092196929657], [-0.2842676216054604, 0.6023081320984202, 0.010046371333503775, 0.5104242220868253, 0.43577806456161805], [-0.1421338108027302, -0.6483444235626797, 0.11671133710528003, 0.3584634109346176, 0.033625691129076644]], \"dtype\": \"float64\", \"shape\": [8, 5], \"Corder\": true}, {\"__ndarray__\": [[-0.25264557610718974, 0.3117051517581689, -0.7041110687730859, 0.5794179874220974, -0.08667465736012231, -0.6722482215230519], [0.5895063442501094, -0.019035432196816793, -0.6040568196491478, -0.496832037738426, -0.20098061885637886, -0.11435037791471131], [-0.5895063442501094, 0.4663680144529709, -0.010732825361773002, -0.5704623528457298, -0.3308181719777155, -0.06841974161628077], [0.25264557610718974, 0.6947931583181779, 0.06921834074167144, -0.0800179757661018, 0.6650102686248849, -0.477037384520094], [0.4210759601786495, 0.449712008624719, 0.3666559527073815, 0.2925791313479431, -0.6327835027752814, -0.47882480142209194]], \"dtype\": \"float64\", \"shape\": [5, 6], \"Corder\": true}, {\"__ndarray__\": [[0.1638463839695799, -0.6765965866552389, 0.21970734279006762, -0.6368913606696656, 0.245480350212511, -0.03476744165155063, 0.9676816865461191, 0.1540476818060021], [0.6553855358783196, 0.5185044762288804, -0.29250328052477154, -0.4048964410386974, 0.1837895782074871, -0.13544372339689903, -0.03793134504712993, 0.10646739320979176], [-0.3276927679391598, -0.1891459158785742, -0.7554501992159766, 0.059209514412176145, 0.5026062080424825, -0.1732555501317825, 0.0048352434089341265, -0.6635596662900262], [0.4096159599239498, -0.3594713441566433, -0.44513281792559456, 0.16564370389355743, -0.35179567202241646, 0.5946880751875802, 0.028925497615549255, 0.11418942132946394], [-0.4915391519087397, 0.2070253818332007, -0.24741818154399658, -0.6269867249799755, -0.4828446235486658, 0.16751960762145593, 0.23029405444372525, -0.6407016732013019], [-0.1638463839695799, 0.2559586532400429, 0.19001717219082956, -0.07982673818745263, 0.5444709816942054, 0.7541299604961829, -0.05558782080395232, -0.043617227402649866]], \"dtype\": \"float64\", \"shape\": [6, 8], \"Corder\": true}, {\"__ndarray__\": [[-0.5188745212781554, -0.2172766258597662, 0.4999190449712166, 0.22185428850711847, 0.620017577164951, -0.30933709381682495], [-0.5188745212781554, 0.467473943269868, -0.24309662025061896, 0.6067626206497521, -0.29151425519191304, 0.5248396650775963], [0.1482498632223301, -0.5126223345595812, 0.4519112098473782, 0.42751951115484105, -0.572925357602493, -0.6410075199963481], [-0.2964997264446602, -0.6866317537049231, -0.6622870510737859, 0.027180195185607787, 0.03552276899366627, -0.42194403517548695], [-0.5929994528893204, -0.003762369150577736, 0.21940168197179102, -0.6317500287946147, -0.44843314850068455, -0.08841649107309622]], \"dtype\": \"float64\", \"shape\": [5, 6], \"Corder\": true}, {\"__ndarray__\": [[-0.1104315259528953, 0.9938837247717045, 0.4533589869266572, 0.6987533229178968], [0.9938837335760577, 0.11043156052540451, -0.8027993458071216, 0.39460187163887733]], \"dtype\": \"float64\", \"shape\": [2, 4], \"Corder\": true}, {\"__ndarray__\": [[-0.24388430419117804, -0.6474136044169025, -0.12608458536050757, 0.40572684086726957, 0.5838359959492513, 0.44760738263965316, 0.29530140695617496], [0.365826456286767, -0.4992251259528622, -0.6461589945684406, -0.29471553894765484, -0.33550945318345876, -0.30318827502972706, 0.49742074843278467], [-0.5487396844301505, -0.0680209402808267, -0.021636674455702918, -0.7963700609881508, 0.24409932754410466, 0.3055054765232742, -0.32218118950753494], [-0.365826456286767, 0.4992251259528622, -0.7415816299376854, 0.25006840111304024, 0.06684125665612924, 0.5233120929774084, 0.577778804960861], [-0.609710760477945, -0.27888585913765956, 0.12716041045978235, 0.2275719674296063, -0.6946342186087513, 0.4745266420348761, -0.3904890818085165]], \"dtype\": \"float64\", \"shape\": [5, 7], \"Corder\": true}, {\"__ndarray__\": [[-0.5286548800147268, 0.4280634705071142, 0.29978955899296894], [-0.2643274400073634, 0.6579924875167922, -0.6076712883090009], [-0.6608186000184085, -0.6192186177505186, -0.41956804233666783], [0.46257302001288597, -0.019386934883136846, -0.6040070213284201]], \"dtype\": \"float64\", \"shape\": [4, 3], \"Corder\": true}, {\"__ndarray__\": [[0.6897304940353935, -0.47084917106780666, -0.13828540223541025, 0.5324002499354166, 0.7748348320213561], [0.49266463859670967, 0.5766989920264064, 0.6504170044726455, 0.040712920769302746, 0.34457208439250936], [0.49266463859670967, -0.1751996902705204, -0.1654900353312152, -0.8361816139220707, 0.31284132373827556], [-0.19706585543868385, -0.6442238720738723, 0.7283185527889774, -0.12527062678123085, -0.2588644706335188]], \"dtype\": \"float64\", \"shape\": [4, 5], \"Corder\": true}, {\"__ndarray__\": [[-0.6262242906929926, 0.5317477172172557, 0.4351517309059812, 0.3684161653623104, -0.08208303094082824], [-0.4383570034850948, -0.3697771042214905, -0.6261797117272232, 0.5282111306913652, -0.6292114337928081], [0.3131121453464963, -0.495697024268583, 0.5640308290617786, 0.5814761116741701, 0.33426635042999203], [-0.5636018616236934, -0.5786136165402636, 0.316877201578124, -0.49713987971653634, -0.6072795491165387]], \"dtype\": \"float64\", \"shape\": [4, 5], \"Corder\": true}, {\"__ndarray__\": [[-0.9284766900231903, 0.3713906757174783, 0.563549286460016, 0.7179594792902871, 0.0], [-0.3713906760092761, -0.9284766898790398, 0.6831212278662052, -0.5922895338656812, 0.0]], \"dtype\": \"float64\", \"shape\": [2, 5], \"Corder\": true}, {\"__ndarray__\": [[0.5286548800147268, 0.026956580384207257, -0.6864654512202777, -0.0011155208403525465], [0.1321637200036817, 0.5732538177349236, 0.36040140418850963, -0.6475137862045094], [-0.6608186000184085, 0.5718889245819831, -0.34086950543522165, 0.28220225030171375], [0.33040930000920427, 0.49545508617641776, -0.27418761559371563, -0.023775486261513497], [0.3964911600110451, 0.3132422659634339, 0.4555273223426398, 0.7074752754453796]], \"dtype\": \"float64\", \"shape\": [5, 4], \"Corder\": true}, {\"__ndarray__\": [[-0.4424010106428165, -0.18356586679731543, -0.7356665035008872, -0.047797375577487554, 0.44661122365479133, -0.16623339700677295, -0.4642984539907881], [0.49770113697316853, -0.4964702102536273, -0.33579888702923966, 0.09130584245002785, -0.4231927205007029, -0.4534547169114655, 0.2627289269628214], [0.1659003789910562, 0.42750138902889484, 0.1402676703217362, -0.43445342382839336, 0.2574940001450795, -0.717629203793502, -0.16638127326791355], [-0.1659003789910562, -0.5996601997392476, 0.28338986247423886, -0.7222410148182019, 0.017112486818007738, 0.10319865915940488, 0.4524324767523546], [-0.4424010106428165, 0.33291056533374286, -0.23906001214110756, -0.2918642866315794, -0.7412959601563291, -0.03997187819804729, -0.035011366842647156], [-0.5530012633035206, -0.25815046861503643, 0.4346255603114345, 0.4402408756905022, -0.07301119991224196, -0.4893933868344083, 0.6448163348325721]], \"dtype\": \"float64\", \"shape\": [6, 7], \"Corder\": true}, {\"__ndarray__\": [[-0.5549637740381813, -0.4399463334202105, 0.26967742310876736, -0.2241654562428565, 0.38293118918032665, 0.46022955919285835, 0.1294765718373794, 0.016571874971151104], [0.0, -0.3621467462219259, -0.6211620938373953, 0.3048422120468504, 0.09512958457827395, 0.20341784824304968, -0.3541435882890745, -0.46285253046471714], [-0.43163849091858547, -0.22146489947507733, 0.014238996938742794, 0.4370621732168926, 0.20672401251231973, -0.7114973110764897, 0.022274216609058824, 0.1547774164858359], [0.30831320779898963, 0.06334125656693179, 0.4157671756713353, -0.11821781063637786, 0.5258320375704927, -0.2525134575395414, -0.11465150679702414, -0.600571148992772], [-0.12332528311959584, 0.08330752123980505, -0.5234198327410463, -0.7298101482499176, 0.24732752969526767, -0.32081600089343965, -0.02050864058694098, 0.08212882737668317], [0.12332528311959584, -0.6265276405726938, 0.12448217298861121, -0.28743568472564257, -0.5457768654175873, -0.2641461833624089, 0.230544913836248, -0.2708179255078342], [0.49330113247838336, -0.45394566703319544, 0.09284684697273966, -0.04574535399934492, 0.22804981178118044, -0.00884355048036815, -0.41552563344793475, 0.5613623321093867], [-0.3699758493587875, 0.1292069816454398, 0.26510748101175013, -0.1857081450338776, -0.3376831438763309, -0.06359354375070903, -0.7860940853560581, -0.07507324105726236]], \"dtype\": \"float64\", \"shape\": [8, 8], \"Corder\": true}, {\"__ndarray__\": [[-0.051031036281941215, -0.3134251260331494, -0.28206126128261444], [-0.4592793265374709, 0.3007797335056725, -0.04650958908722435], [0.4082482902555297, -0.3664583620940586, -0.34707429066817724], [0.10206207256388243, -0.3145864382238016, 0.42218200829535535], [0.25515518140970606, -0.36529704990340645, 0.45728634499775894], [0.4592793265374709, 0.19471326138385403, 0.20061532845262653], [-0.4082482902555297, -0.6245276276849945, -0.21257117226994468], [0.4082482902555297, 0.1290346327954679, -0.5701195276137516]], \"dtype\": \"float64\", \"shape\": [8, 3], \"Corder\": true}, {\"__ndarray__\": [[-0.6274558047444577, -0.716820570496857, -0.2555280015283848, -0.09997395582776451], [0.0, 0.0604891778041531, 0.33977056007892, -0.07570743650327688], [0.18823674142333732, -0.5108239625007801, 0.7899784285675966, 0.14458853966504914], [-0.5019646437955662, 0.2733920328606578, 0.1468924809431025, 0.8072660100810218], [-0.5647102242700119, 0.38317750922343136, 0.41667503560696717, -0.5582914357726734]], \"dtype\": \"float64\", \"shape\": [5, 4], \"Corder\": true}, {\"__ndarray__\": [[0.47301616456000545, 0.20868662357503254, -0.17416793749449122], [-0.47301616456000545, -0.5946863759552695, 0.16225680221333977], [-0.40544242676571896, -0.20093137748604142, -0.6004741417831412], [0.40544242676571896, -0.5710681272744325, 0.48234319921838376], [-0.47301616456000545, 0.48611293070939393, 0.591704403410873]], \"dtype\": \"float64\", \"shape\": [5, 3], \"Corder\": true}, {\"__ndarray__\": [[-0.37796447277113193, -0.046494865926829526, 0.22631520386502768, 0.05073821218760309, -0.7245085116769298, 0.1382994792505242, 0.5049020599056361, -0.04714579362717016, 0.6540869164159204], [0.3149703939759433, 0.19243708730491293, 0.7341844623813473, 0.11200003436042989, -0.03490158226794228, 0.41593077209744983, -0.22311926853328398, 0.29697148412420826, -0.2370465256353216], [-0.12598815759037732, -0.2505556714763802, 0.1361275642129741, 0.6304229817937684, 0.35745932973185934, 0.2839211371000519, 0.1443401516986522, -0.5255117028451022, -0.1912652912747722], [0.06299407879518866, 0.5049859157009731, -0.4399272939828939, 0.5361343056576623, -0.3665979805063385, 0.13851978412341093, -0.3261564027177743, 0.009227045432226265, 0.1771658094143488], [-0.37796447277113193, -0.5346909687361218, -0.21698169760450428, 0.13086471772573838, 0.020762512023348886, 0.33688314553611143, -0.25715849197500673, 0.5718303416067524, 0.31201527121051886], [0.06299407879518866, 0.3422538814312089, -0.3057322756891582, -0.18690369592945652, 0.31170970917214597, 0.568367599814414, 0.5435330985627775, 0.18669733211247075, -0.2871301913029141], [0.44095855156632063, -0.37066741256752733, -0.21126143397674166, -0.3285904952575823, -0.3218620229358106, 0.4544955754275256, -0.20061592907291925, -0.40638647980255177, 0.014111668597386884], [-0.6299407879518866, 0.3202979738924852, 0.11181766219411728, -0.3741366267562002, 0.1025127129921395, 0.2549072192594684, -0.40776727428413617, -0.3261007719215148, 0.40941404790726116]], \"dtype\": \"float64\", \"shape\": [8, 9], \"Corder\": true}, {\"__ndarray__\": [[-0.3999999996, -0.06975303806844392, 0.7779294556954371, -0.45492225461767766, -0.051890798629596405], [0.1999999998, 0.1486042983947477, 0.36257293944268487, 0.4815368294374809, -0.7535293231830151], [-0.1999999998, -0.30024133754211535, -0.4536874572631254, -0.3538415769322215, -0.6025081747653926], [0.5999999993999999, -0.7672834179946981, 0.20264226915308486, -0.07826457698707012, 0.0582911650177504], [0.1999999998, 0.1486042983947477, 0.12833232952551699, 0.2750195929603109, 0.22242186113895607], [-0.5999999993999999, -0.5216314147579268, -0.0011131293052968783, 0.5951495952872945, 0.11668526674643624]], \"dtype\": \"float64\", \"shape\": [6, 5], \"Corder\": true}, {\"__ndarray__\": [[0.7999999984, -0.5999999971818182, 0.6083836220127921], [0.5999999988, 0.7999999992727272, -0.6912665392872515]], \"dtype\": \"float64\", \"shape\": [2, 3], \"Corder\": true}, {\"__ndarray__\": [[-0.5019646437955662, 0.4975416319052793, 0.6539074724356215, 0.1590556070839468, -0.20834152997546385, 0.06468344565977337, -0.10616802423570122], [-0.31372790237222886, 0.1539178494660186, -0.15787648130241408, -0.6950348414881538, -0.08945136326099769, -0.6015680394184681, -0.49406342070134096], [-0.12549116094889154, -0.4853213126904769, 0.09662300932745524, -0.3332779734200811, -0.6828539913842561, 0.4025113903771026, -0.35221110141319606], [0.31372790237222886, 0.06779368532190748, 0.44587436016580734, -0.5977516996423285, 0.4605279424276542, 0.35886179145598895, 0.615249142801364], [-0.37647348284667465, 0.39163218516128667, -0.5732800345739898, -0.13571588425542866, 0.12124619288923996, 0.5857666146644765, -0.35749467243645855], [-0.6274558047444577, -0.5790104402196671, 0.10339285614284174, 0.06948221286082275, 0.5054859638514799, -0.003494045173635512, -0.16122076675737299]], \"dtype\": \"float64\", \"shape\": [6, 7], \"Corder\": true}, {\"__ndarray__\": [[-0.5144957551334088, 0.10224765373170705], [-0.45732956011858567, -0.5172812890789427], [0.28583097507411603, -0.5088210775026417], [0.34299717008893926, -0.6105852930031701], [-0.34299717008893926, -0.2030449927698779], [-0.45732956011858567, -0.22141573061601613]], \"dtype\": \"float64\", \"shape\": [6, 2], \"Corder\": true}, {\"__ndarray__\": [[-0.06509445544803905, -0.07850858235652224, 0.6332689296836599, 0.15214067553718746, -0.14200198154179527, -0.7384156335941123], [0.19528336634411717, -0.5267031493848425, 0.3583530531017222, -0.5330535822361473, 0.5023713440108808, 0.13967138686721928], [-0.6509445544803906, 0.15304204899405052, -0.3258970532884443, -0.25098052409823, 0.48630539843600307, -0.3836107691612409], [-0.5858500990323514, -0.6479442491737455, -0.036684983308303366, 0.024261261628376538, -0.44989021105959587, 0.18058697076579303], [-0.39056673268823433, 0.23254441028032125, 0.5178396051656019, 0.42490658436091083, 0.34503851869206387, 0.4750006654178883], [0.19528336634411717, -0.46807015734988794, -0.3079626864258466, 0.6697623857830188, 0.4117192514953061, -0.17274159778440049]], \"dtype\": \"float64\", \"shape\": [6, 6], \"Corder\": true}, {\"__ndarray__\": [[-0.4295465637080015, -0.09231938513780895, 0.17913887023460212, -0.551283125191271, -0.1235046534069504], [0.1909095838702229, 0.3667095398422319, -0.42548665024376003, 0.3699247195455591, 0.11268860155463707], [-0.4772739596755572, 0.436045374100044, -0.2969298957090387, 0.11599476847306164, 0.18303860401426927], [-0.2863643758053343, -0.26822697149134295, -0.40476739762756925, 0.1748309647570887, -0.6666340541277286], [0.2863643758053343, 0.38096190680014497, -0.10733153080743155, -0.46458764781515477, -0.018042853238111122], [-0.4295465637080015, 0.302252888442998, -0.22924934873785954, -0.24487999822539278, 0.003810126783984978], [0.0, 0.45093974123520797, 0.48227039926578646, 0.28745044150737936, -0.5907456276889629], [0.2386369798377786, -0.274390154704423, -0.4654020642737205, -0.13302216361259417, -0.19403403589493295], [-0.3818191677404458, -0.28247933844925593, 0.14699395928184247, 0.37294961562024154, 0.3273745822821636]], \"dtype\": \"float64\", \"shape\": [9, 5], \"Corder\": true}, {\"__ndarray__\": [[0.618718432991354, -0.5556874518328446, -0.16395515222600027, -0.29157910013478067, -0.07908252921258382, 0.4361710801842091], [0.08838834757019343, 0.19524153944487002, -0.772962812379194, 0.5254398552717523, 0.18261151658997596, 0.21716980493009547], [-0.17677669514038685, 0.4833252065406849, 0.19630262611037982, -0.1662463175677884, -0.0888592405250741, 0.8130671879425188], [-0.618718432991354, -0.40550166214062283, -0.31087742187972417, -0.04410962849214392, -0.5851218770150713, 0.10861796128417416], [0.3535533902807737, 0.0819195294351402, 0.31570257071766605, 0.596342944344697, -0.6426374132326752, 0.0036510100659505927], [0.2651650427105803, 0.4983437897915677, -0.37523271639413497, -0.5036726917706348, -0.44401865383006117, -0.2995039510968064]], \"dtype\": \"float64\", \"shape\": [6, 6], \"Corder\": true}, {\"__ndarray__\": [[0.19802950839925643, 0.6306147731789787, -0.6414242538728153, -0.3894666304976779, 0.3051297784095274, -0.03841880322239787, 0.3826005897616217, -0.6192496248220575], [-0.39605901679851285, 0.36719341379738185, -0.24934571389186347, 0.8038239627489931, 0.07005263834329015, -0.3091572537522994, 0.695466554889151, 0.32865090519584944], [-0.09901475419962821, -0.6817025526244407, -0.7238981381013903, 0.03806816730148131, 0.867056732467025, 0.07775167246595995, -0.16502490625461996, 0.1980116117829194], [-0.891132787796654, 0.05268427497032295, 0.04871471572843021, -0.4480330250462939, 0.05603577447092595, -0.6073814004319751, -0.3993183372678383, -0.10276606939996717]], \"dtype\": \"float64\", \"shape\": [4, 8], \"Corder\": true}, {\"__ndarray__\": [[-0.4472135950999579, 0.89442718993591, -0.792079359244933, -0.3826295737650144, 0.0, 0.0], [-0.8944271901999158, -0.4472135954540567, -0.4542363461677833, 0.6672143275353581, 0.0, 0.0]], \"dtype\": \"float64\", \"shape\": [2, 6], \"Corder\": true}, {\"__ndarray__\": [[-0.10862508925971663, -0.48882889976717636, 0.24012185658089852, -0.1166833382235626, -0.34117477009679026, -0.7488849460926467, 0.027285564067218514], [-0.4888129016687249, 0.3384200094835451, 0.005525084003722504, -0.5977329370447308, 0.06269297005443034, -0.06433757994277839, 0.5302348271065088], [-0.2715627231492916, 0.3572211202754699, -0.6144242868259385, 0.48590725252378464, -0.11537068532536748, -0.4125046925662018, 0.03941043879579006], [0.10862508925971663, 0.09400555734382365, -0.3706190471578305, -0.4623590126387686, -0.6762885160106721, 0.17046878470404547, -0.37656792201013667], [-0.5431254462985832, 0.3196188981275871, 0.4600727687659567, 0.0799468913284542, -0.0077896402316290836, -0.01383332555165816, -0.6201192973693874], [-0.2715627231492916, -0.43242556457123543, -0.46191445593553765, -0.29466532659474176, 0.5468946332710101, -0.04323666328962794, -0.37162630196329305], [-0.5431254462985832, -0.4700277867191182, -0.04902413961446631, 0.2932566417307912, -0.33141876147207433, 0.48347855471522855, 0.22824521247904173]], \"dtype\": \"float64\", \"shape\": [7, 7], \"Corder\": true}, {\"__ndarray__\": [[-0.3333333329629629, -0.9095880520845055, 0.24806952483374833, 0.7176478962021988, 0.4519945352034288, 0.0], [0.6666666659259258, -0.04134491293834653, 0.7442083877600644, -0.05934838493611775, -0.5912176180312066, 0.0], [0.6666666659259258, -0.413449116359818, -0.6201736644141307, 0.6009153685193848, -0.5981885997725954, 0.0]], \"dtype\": \"float64\", \"shape\": [3, 6], \"Corder\": true}, {\"__ndarray__\": [[0.099503718921989, -0.995037188741425, -0.8875679417305862], [-0.99503718921989, -0.09950372153796488, -0.08875679801017618]], \"dtype\": \"float64\", \"shape\": [2, 3], \"Corder\": true}, {\"__ndarray__\": [[-0.49827287870864667, 0.11413446850536277], [-0.6643638382781956, -0.6711788052073676], [-0.49827287870864667, 0.5258135167792883], [0.24913643935432334, -0.5099141873539995]], \"dtype\": \"float64\", \"shape\": [4, 2], \"Corder\": true}, {\"__ndarray__\": [[-0.3162277650168379, 0.948683295162282, -0.6838776168008277, 0.42373798023163856, 0.0, 0.0], [0.9486832950505137, 0.3162277712332573, -0.4542725007348702, -0.6379099326568964, 0.0, 0.0]], \"dtype\": \"float64\", \"shape\": [2, 6], \"Corder\": true}, {\"__ndarray__\": [[-0.7432941456946801, 0.6689647996236235], [-0.6689647311252122, -0.7432940548794355]], \"dtype\": \"float64\", \"shape\": [2, 2], \"Corder\": true}, {\"__ndarray__\": [[-0.19867985342817762, 0.6283802221523149, -0.09050027331322662, -0.037580981433669544, -0.613453976922923, -0.423953068309481, 0.16602055785144917, 0.40577058117729486, 0.47097328866927557], [-0.19867985342817762, -0.019903446488317683, 0.7299496763575573, -0.14104701511740636, 0.32469038838796865, -0.5495321059335672, 0.41462785538459884, -0.574778621672327, 0.34272372799570805], [-0.3311330890469627, -0.6334350669625967, -0.438922738617735, -0.2535205516605329, -0.14340166747904134, -0.4600228466766459, -0.08534413175623949, -0.4184826602359631, -0.34274289290746834], [-0.6622661780939254, -0.1863973528574724, 0.36215912790874727, 0.004953044647195506, -0.37767598308671263, 0.5028286082295025, 0.5635941234872505, -0.1586331096436184, 0.1736306004879956], [-0.39735970685635524, 0.392382219450453, -0.2811199739362554, -0.5877098201427597, 0.4774814219324419, 0.189001731208931, 0.6263282865790085, 0.4026547010843562, -0.4179178406695468], [-0.46358632466574773, 0.12163216858223752, -0.2369437167438408, 0.7543164928388806, 0.3564529042229717, -0.13453243294507658, 0.201235336965321, -0.1369112489724958, -0.4256141224014749]], \"dtype\": \"float64\", \"shape\": [6, 9], \"Corder\": true}, {\"__ndarray__\": [[0.19682713242519684, 0.22461329179236997, 0.08262513705396939, -0.08484027675646619, 0.7990860906952263, 0.17118653468146888, 0.357847807504228, -0.05831347293713781], [0.19682713242519684, -0.1261061400173316, -0.09886554773611007, -0.026607475234448858, 0.20641298119205742, -0.8063399049376492, 0.0724650638950643, 0.4773913125393606], [-0.2952406986377953, -0.4245997956409803, -0.41716938672888654, 0.14383669093500276, 0.05446618974171009, -0.00012600566867974487, 0.6345725635059762, -0.24251454520106785], [-0.14762034931889764, -0.1538466591855399, -0.054406740924223713, -0.5935725288959177, 0.3226650872714958, -0.17831674985770432, -0.40323337523518316, -0.46207975268009815], [-0.4920678310629921, 0.3444919693608041, 0.014429083122369164, 0.4884038374402504, 0.36201754242949175, 0.018343323192638736, -0.25399842231723035, 0.1528411248898758], [0.4428610479566929, -0.0060859315229823616, -0.7397247168152017, 0.28284135120150083, 0.10773698991036772, 0.11646738757372418, -0.37002255576251375, -0.10283223389142447], [0.3444474817440945, -0.4398853899113938, 0.20927163336883287, -0.06729370747293523, 0.15865130833208682, 0.4577334886592489, -0.05455396171936625, 0.3962452312953721], [-0.24603391553149606, -0.6460993562089016, 0.20338380192703076, 0.32194329113102216, 0.20902712388208064, -0.04114384128199892, -0.30609154069937144, -0.0261622268494575], [0.4428610479566929, -0.0060859315229823616, 0.41695066295339045, 0.4385924798958536, -0.01578724457359735, -0.2521911061667525, 0.05756917477448857, -0.5520293883972072]], \"dtype\": \"float64\", \"shape\": [9, 8], \"Corder\": true}, {\"__ndarray__\": [[0.39557454095171996, 0.19536429382515272, 0.3549577867172038, -0.038085318061870155, 0.1819089999245991, -0.034068878177162816], [0.39557454095171996, 0.15016972623761812, -0.5166726061980138, -0.04748181680555895, 0.3209445557832683, 0.3597821005284153], [0.346127723332755, -0.5521693243035448, 0.08849225991424624, 0.2126118317722526, -0.28593445888820146, 0.569291092102061], [-0.346127723332755, -0.30652745985961244, -0.23947915729436972, -0.10983131767603396, -0.28657232204899824, -0.23671800340366553], [-0.049446817618964994, 0.3823305715596673, 0.30355730747951065, -0.471193400342053, -0.5690871746476202, 0.37158181466165563], [-0.19778727047585998, -0.05248757932504177, -0.5352614745938965, -0.4331649791100279, -0.010950811426748029, 0.2499896989969295], [-0.29668090571378997, -0.23691235554393375, 0.3691677154228704, -0.4500799708213941, 0.6063824818293672, 0.2595041513520614], [-0.445021358570685, -0.17459026296576222, 0.1382232703174633, 0.4090544106268413, 0.05407144287995394, 0.3308451696090873], [-0.346127723332755, 0.5521693243035448, -0.08849225991424624, 0.39934404265482, 0.07360657727917065, 0.3345139220744981]], \"dtype\": \"float64\", \"shape\": [9, 6], \"Corder\": true}, {\"__ndarray__\": [[-0.2760262235464655, -0.4671054343667066, 0.22783537403091794], [0.34503277943308186, 0.3568166514345581, -0.15073341984421973], [0.4830458912063146, -0.5197268788319005, -0.31132148755648087], [0.2760262235464655, -0.34023729105133843, 0.5741787954725612], [0.0, -0.05045892033862782, -0.4668009805122277], [-0.552052447092931, 0.1254264583777709, 0.1896549903153381], [-0.4140393353196982, -0.24652786850240963, -0.4914562885952135], [-0.13801311177323275, -0.4353883985378646, -0.058022972275246616]], \"dtype\": \"float64\", \"shape\": [8, 3], \"Corder\": true}, {\"__ndarray__\": [[0.13018891081133235, 0.6015724409168313, 0.48618320373934487, 0.6203123319317903, 0.31631455776469963], [0.9113223756793264, -0.3427827717945983, -0.08818025580877958, 0.21027529122436983, -0.9251844711712172], [-0.39056673243399703, -0.5993023602825011, -0.043692939018925285, 0.6974131580731999, -0.03500068415550405], [0.0, 0.4018049874893309, -0.868297793356279, 0.29088095373513734, 0.026176788031001784]], \"dtype\": \"float64\", \"shape\": [4, 5], \"Corder\": true}, {\"__ndarray__\": [[0.0, -0.3592902386278367, 0.28365317852880984, 0.3394966282450029, -0.5798525676278781, -0.40902497825671197], [-0.43685202794883954, -0.20240931444873683, 0.25908001307395223, -0.11493928041235996, -0.07351386250654508, 0.7394073368173744], [-0.0873704055897679, -0.27042761561156287, -0.3327995016758512, -0.6485321970865308, 0.14840723944101558, -0.31012530924794685], [-0.3494816223590716, 0.28359244433952796, 0.23905743390700782, 0.403103940110093, 0.5473033311699996, -0.23926111616227025], [0.0, -0.7185804772556734, 0.17595598478867044, 0.09268303242775226, 0.5236792395621422, -0.09754807399916432], [-0.2621112167693037, 0.26658786904882154, -0.3491816135830109, 0.07721522169398236, 0.06362786217379451, -0.12166880957684141], [-0.6989632447181432, 0.06417855460008455, 0.23602370971506562, -0.29406342839644745, -0.2107621262739124, -0.31130708006527497], [0.3494816223590716, 0.29127193746501073, 0.6898687957971839, -0.4329186617500259, 0.11870947999687462, -0.10639896929198883]], \"dtype\": \"float64\", \"shape\": [8, 6], \"Corder\": true}, {\"__ndarray__\": [[0.5547001946867677, 0.8320502835173407, -0.9098393828369573, 0.0, 0.2264193632710445, 0.0, 0.0], [-0.8320502920301515, 0.5547002070393169, 0.28741048590978113, 0.0, 0.7167633460767763, 0.0, 0.0]], \"dtype\": \"float64\", \"shape\": [2, 7], \"Corder\": true}, {\"__ndarray__\": [[0.47963209655063366, -0.4580594893447843, 0.3546619281729064, -0.6590519443673254], [0.5481509674864384, 0.032317064305473105, -0.8326790401110402, -0.07163607635635338], [0.5481509674864384, -0.2669671945327258, 0.2869194033043748, 0.7388750350039944], [0.4111132256148288, 0.8472695100341519, 0.3139072902557602, -0.12075795470971731]], \"dtype\": \"float64\", \"shape\": [4, 4], \"Corder\": true}, {\"__ndarray__\": [[0.4351941395104567, 0.6818459507277962, 0.512687278898482, -0.09761374910902133, -0.27076828838642947, 0.01359764239777853, -0.46147084742629385], [-0.261116483706274, 0.5340924770889487, -0.039041381168590426, 0.21502732594022783, 0.7738232381825342, -0.5580244299248885, 0.11430907966387754], [-0.08703882790209133, 0.3911833788094522, -0.5981778305009983, 0.5095284991363892, -0.4711303506785298, -0.2377959758821033, 0.2616007340042014], [-0.3481553116083653, -0.19377504794556266, 0.6073773297292785, 0.6728410631260084, -0.14005997704682174, 0.1353994843356653, 0.7805644801759559], [0.783349451118822, -0.2434299051706047, -0.09435880419709741, 0.48156039645761384, 0.29377119663628665, -0.5772019992563139, -0.046052758904272524]], \"dtype\": \"float64\", \"shape\": [5, 7], \"Corder\": true}, {\"__ndarray__\": [[-0.5263613556214948, -0.2080453925053242, 0.5082023087026704, -0.26013869764022596, -0.4396400350289299, -0.39682733608898557, -0.05444090842232015, -0.522594385053098], [0.06579516945268685, -0.4040789329162574, 0.1211212612091053, 0.6988376062456109, -0.40943618756344363, 0.22991751731878818, 0.32991937763254897, -0.43498464255027675], [0.32897584726343426, 0.4213760073018883, -0.16521694538217785, -0.16923460984973981, -0.778561475525636, 0.13034926870689365, -0.18743332048550854, 0.07749687615662655], [0.1315903389053737, 0.30173789411438307, 0.6497067100824968, -0.23862532036540712, 0.11170894295044875, 0.4746244076732399, 0.4181269745097397, 0.08392161012666498], [0.06579516945268685, 0.5948272510359507, 0.3016042761172193, 0.5487665655068157, 0.10774263551193476, -0.47966851200462046, -0.08972893440122745, -0.6105104739434628], [-0.6579516945268685, 0.26714374534312124, -0.06025086724168815, 0.23301380039534927, 0.010633085980825853, 0.5428542154270419, -0.3781592647538705, -0.1403445467506562], [-0.3947710167161211, 0.31567165359843846, -0.4278426079711095, -0.054141342309660806, -0.09338227444334418, -0.15044652728156763, 0.7260662933274727, 0.19831746715592494]], \"dtype\": \"float64\", \"shape\": [7, 8], \"Corder\": true}, {\"__ndarray__\": [[-0.9615239463200684, -0.2747211236288374, -0.8299935228855838, -0.34367235182527117, 0.0, 0.0, 0.0, 0.0, 0.0], [0.2747211275200196, -0.9615239476191884, -0.3437188217146818, 0.8298813104136253, 0.0, 0.0, 0.0, 0.0, 0.0]], \"dtype\": \"float64\", \"shape\": [2, 9], \"Corder\": true}, {\"__ndarray__\": [[0.0, -0.5070507804394367, 0.16639372207155362], [0.3529411762629758, -0.36415642449526076, 0.28365475148988556], [-0.3529411762629758, -0.4245892339660852, 0.36021426862505307], [0.3529411762629758, -0.026122570868969616, -0.6176080445652742], [0.5294117643944637, 0.46786692413598224, 0.5486564030960237], [-0.470588235017301, 0.27896565544428087, -0.10101165862205345], [0.3529411762629758, -0.36415642449526076, -0.2634993125152773]], \"dtype\": \"float64\", \"shape\": [7, 3], \"Corder\": true}, {\"__ndarray__\": [[0.33567254303698546, -0.042984058995119714, -0.38987798304918725, 0.5942635981964559, -0.09509245188764573, -0.2160657545801124], [0.0, -0.1453270531423797, -0.8464433612685044, -0.43035622480119173, -0.22151079569302154, 0.07662963981603928], [0.08391813575924637, -0.04707777803437485, -0.13397381664217925, 0.49318417887536237, -0.0013987454935924515, -0.3341718551997234], [0.0, -0.6539717391407086, 0.19343960428587112, -0.28012419652551573, -0.0706480457630497, -0.6624600347508376], [0.41959067879623185, 0.6365734286824039, 0.10617374965642869, -0.3122694212817718, -0.3505110717085273, -0.4319035126975176], [-0.5035088145554782, -0.008187438078510304, 0.11156485981460193, 0.20578110971856564, -0.8293660573960268, 0.04847677588650445], [0.6713450860739709, -0.3766222242749988, 0.2290007541106618, -0.009275621401260686, -0.35523403129250986, 0.4561016517826667]], \"dtype\": \"float64\", \"shape\": [7, 6], \"Corder\": true}, {\"__ndarray__\": [[-0.4016096641286688, 0.5024033390654151], [0.4016096641286688, 0.030970065120190855], [-0.8032193282573376, -0.1686148110775029], [-0.1606438656514675, 0.07295171862162063], [0.0, 0.21334936167424237], [-0.08032193282573374, -0.8169215873861592]], \"dtype\": \"float64\", \"shape\": [6, 2], \"Corder\": true}, {\"__ndarray__\": [[-0.3054236107041959, -0.2793323561641275, -0.429060138612052, -0.5451311031406836], [0.12216944428167835, 0.5119926398700253, 0.02942445821075088, -0.020063829979174073], [0.0, -0.250162310877734, 0.5219124124892928, -0.6596329352223164], [-0.5497624992675526, 0.1351156516427921, 0.6194006182981325, 0.20277357404589127], [-0.2443388885633567, -0.5862012357040163, 0.11595028719310535, 0.3295188341463378], [0.36650833284503503, -0.09007710109519475, 0.2384733391035343, -0.003910200980180225], [-0.5497624992675526, 0.07257507392335862, -0.29385308464343957, 0.12415031273101017], [-0.3054236107041959, 0.47115457646907444, 0.04825211664088598, -0.31966472549271124]], \"dtype\": \"float64\", \"shape\": [8, 4], \"Corder\": true}, {\"__ndarray__\": [[-0.9938837335760577, 0.1104315310432107, -0.8219727044033552, 0.18917553796841302, 0.0, 0.0, 0.0, 0.0, 0.0], [0.1104315259528953, 0.9938837325506972, -0.17476066478787602, -0.8897719214004972, 0.0, 0.0, 0.0, 0.0, 0.0]], \"dtype\": \"float64\", \"shape\": [2, 9], \"Corder\": true}, {\"__ndarray__\": [[-0.6467616662406788, 0.27605498447656374, -0.2536273727636614, 0.47289540962746973], [0.0, -0.5923760481287036, -0.18787862468359834, -0.41211777661942384], [0.3233808331203394, 0.6024425679225975, -0.6144493135287973, -0.3703805985095778], [0.24253562484025454, -0.4367321462511071, -0.6577756803663325, 0.4967297885971526], [-0.6467616662406788, -0.13860824921352874, -0.3002631682365171, -0.47181203336129524]], \"dtype\": \"float64\", \"shape\": [5, 4], \"Corder\": true}, {\"__ndarray__\": [[0.0, 0.4788220585699352, -0.7313614937317703, -0.11159843066216969, -0.18204380166407697, 0.06907242221423746, -0.3416567755708464, -0.26219320252501843], [0.3947710167161211, 0.1554617063053085, 0.17168442785580104, 0.4497444453107311, -0.3981722474742763, -0.42824198235755423, -0.3982428053621249, 0.296162480989516], [-0.3947710167161211, -0.5278788629708137, -0.47237764029823076, 0.1398395883087327, 0.1641804104975242, -0.23054796532797264, -0.23898458289493393, 0.43079322342590515], [0.06579516945268685, 0.38946036589102073, 0.15333808170150287, -0.4578131880573385, 0.38513717661723534, 0.1089184580879759, -0.283189151598747, 0.6086839462611957], [-0.19738550835806054, 0.16168017613231334, 0.18390275712920978, 0.5773815278961516, 0.5353139906370469, 0.24476288772868668, -0.3924508933182623, -0.2592704902651142], [-0.5263613556214948, 0.3424763847658105, 0.17993188149122574, -0.12799276279458713, 0.08163258930506961, -0.7123714382373293, 0.09142904395811448, -0.18547187170771656], [0.5921565250741817, -0.21902827363586486, -0.15537720023646656, -0.17060881800757863, 0.5284071778710745, -0.4204229365746496, -0.05623791654866341, -0.29832120932679296], [0.1315903389053737, 0.35330112416432125, -0.3140761669036338, 0.4210329573740394, 0.2461584212155801, -0.05181527189093938, 0.6494797226492948, 0.3112025274137057]], \"dtype\": \"float64\", \"shape\": [8, 8], \"Corder\": true}, {\"__ndarray__\": [[0.09841356621259842, -0.6111514228625294, -0.26317850128586007, -0.551381024496085], [-0.14762034931889764, 0.06706755902376273, 0.3436536817118086, -0.25542035578426425], [0.2952406986377953, -0.07749114636285667, 0.22996249568142405, 0.25152665398413204], [0.24603391553149606, 0.3980164801224144, -0.3676376314778645, 0.23000386702560816], [-0.14762034931889764, 0.4635753608164441, -0.4855378869352292, -0.47817850269873485], [-0.4920678310629921, -0.34288118676747864, -0.2809633564855625, 0.1680641452190958], [-0.4920678310629921, 0.33684647344854657, 0.3072849767685427, -0.21858810257966863], [-0.4428610479566929, -0.08201718135205566, -0.3384650780744434, 0.4576808308970938], [0.3444474817440945, 0.07008491568322871, -0.31769314076187627, -0.020475109349586875]], \"dtype\": \"float64\", \"shape\": [9, 4], \"Corder\": true}, {\"__ndarray__\": [[0.41803980828370846, -0.18671702885757605, 0.35229869119627527, -0.4589528752407527, -0.5619331698356126], [-0.13934660276123614, -0.41262158100045404, -0.39077662326260704, 0.11997776238253595, 0.20115513305439583], [0.4877131096643265, 0.1383089092975625, -0.11630469098735631, -0.05102942426092859, 0.36958523661829495], [0.6270597124255627, 0.3926436267581346, -0.19636807849785537, 0.11746259324689563, 0.1701167828697083], [0.3483665069030904, -0.5117429670127146, -0.481013705045392, 0.2531018809258868, -0.3490573774179244], [-0.06967330138061807, 0.22897808423444857, -0.08043945620318871, 0.47959246121807464, -0.4539609854863781], [0.06967330138061807, 0.16673907461525653, 0.36247238546856103, 0.6127711083720597, -0.13885929221060236], [0.20901990414185423, -0.5286473891634637, 0.5494189070795099, 0.29834243302834035, 0.36198235274588125]], \"dtype\": \"float64\", \"shape\": [8, 5], \"Corder\": true}, {\"__ndarray__\": [[-0.5625439498301005, 0.204322242119552, 0.4627463749262065], [-0.6750527397961206, -0.49109029073953664, -0.2326463439319611], [-0.11250878996602011, 0.5081171480842751, -0.7829376208723349], [0.45003515986408044, -0.47495959346921807, -0.05145548189304939], [0.11250878996602011, 0.48302494210437735, 0.34073814730535656]], \"dtype\": \"float64\", \"shape\": [5, 3], \"Corder\": true}, {\"__ndarray__\": [[0.10540925522783486, 0.48519092360745814, 0.0003953061794448728, 0.25266317449724957, 0.4485324193388109], [-0.2108185104556697, -0.36465799567845913, -0.31827629268674795, -0.7039857106925432, 0.36260580367868883], [0.4216370209113394, -0